Initial Input Puzzle:
[  1  3  2  4 ]

[  6  5  7  8 ]

[  9  10  11  12 ]

[  13  14  _  15 ]

Inversions: 3
Solvable
First trying best first search without an explored list...
This puzzle was not solved in 100000 turns
This puzzle was not solved in 100000 turns
This puzzle was not solved in 100000 turns
Now trying A *.................
Average for all 3 heuristics for this puzzle:
12533.333333333 nodes

Goal!
[  1  3  2  4 ]

[  6  5  7  8 ]

[  9  10  11  12 ]

[  13  14  _  15 ]


[  1  3  2  4 ]

[  6  5  7  8 ]

[  9  10  _  12 ]

[  13  14  11  15 ]


[  1  3  2  4 ]

[  6  5  _  8 ]

[  9  10  7  12 ]

[  13  14  11  15 ]


[  1  3  _  4 ]

[  6  5  2  8 ]

[  9  10  7  12 ]

[  13  14  11  15 ]


[  1  _  3  4 ]

[  6  5  2  8 ]

[  9  10  7  12 ]

[  13  14  11  15 ]


[  _  1  3  4 ]

[  6  5  2  8 ]

[  9  10  7  12 ]

[  13  14  11  15 ]


[  6  1  3  4 ]

[  _  5  2  8 ]

[  9  10  7  12 ]

[  13  14  11  15 ]


[  6  1  3  4 ]

[  5  _  2  8 ]

[  9  10  7  12 ]

[  13  14  11  15 ]


[  6  1  3  4 ]

[  5  2  _  8 ]

[  9  10  7  12 ]

[  13  14  11  15 ]


[  6  1  3  4 ]

[  5  2  7  8 ]

[  9  10  _  12 ]

[  13  14  11  15 ]


[  6  1  3  4 ]

[  5  2  7  8 ]

[  9  _  10  12 ]

[  13  14  11  15 ]


[  6  1  3  4 ]

[  5  2  7  8 ]

[  _  9  10  12 ]

[  13  14  11  15 ]


[  6  1  3  4 ]

[  _  2  7  8 ]

[  5  9  10  12 ]

[  13  14  11  15 ]


[  _  1  3  4 ]

[  6  2  7  8 ]

[  5  9  10  12 ]

[  13  14  11  15 ]


[  1  _  3  4 ]

[  6  2  7  8 ]

[  5  9  10  12 ]

[  13  14  11  15 ]


[  1  2  3  4 ]

[  6  _  7  8 ]

[  5  9  10  12 ]

[  13  14  11  15 ]


[  1  2  3  4 ]

[  _  6  7  8 ]

[  5  9  10  12 ]

[  13  14  11  15 ]


[  1  2  3  4 ]

[  5  6  7  8 ]

[  _  9  10  12 ]

[  13  14  11  15 ]


[  1  2  3  4 ]

[  5  6  7  8 ]

[  9  _  10  12 ]

[  13  14  11  15 ]


[  1  2  3  4 ]

[  5  6  7  8 ]

[  9  10  _  12 ]

[  13  14  11  15 ]


[  1  2  3  4 ]

[  5  6  7  8 ]

[  9  10  11  12 ]

[  13  14  _  15 ]


[  1  2  3  4 ]

[  5  6  7  8 ]

[  9  10  11  12 ]

[  13  14  15  _ ]


A* with mhtn heuristic solved this badboy after expanding 11375 puzzle configurations (nodes)
[  1  3  2  4 ]

[  6  5  7  8 ]

[  9  10  11  12 ]

[  13  14  _  15 ]


[  1  3  2  4 ]

[  6  5  7  8 ]

[  9  10  _  12 ]

[  13  14  11  15 ]


[  1  3  2  4 ]

[  6  5  _  8 ]

[  9  10  7  12 ]

[  13  14  11  15 ]


[  1  3  2  4 ]

[  6  _  5  8 ]

[  9  10  7  12 ]

[  13  14  11  15 ]


[  1  3  2  4 ]

[  _  6  5  8 ]

[  9  10  7  12 ]

[  13  14  11  15 ]


[  _  3  2  4 ]

[  1  6  5  8 ]

[  9  10  7  12 ]

[  13  14  11  15 ]


[  3  _  2  4 ]

[  1  6  5  8 ]

[  9  10  7  12 ]

[  13  14  11  15 ]


[  3  6  2  4 ]

[  1  _  5  8 ]

[  9  10  7  12 ]

[  13  14  11  15 ]


[  3  6  2  4 ]

[  1  5  _  8 ]

[  9  10  7  12 ]

[  13  14  11  15 ]


[  3  6  _  4 ]

[  1  5  2  8 ]

[  9  10  7  12 ]

[  13  14  11  15 ]


[  3  _  6  4 ]

[  1  5  2  8 ]

[  9  10  7  12 ]

[  13  14  11  15 ]


[  _  3  6  4 ]

[  1  5  2  8 ]

[  9  10  7  12 ]

[  13  14  11  15 ]


[  1  3  6  4 ]

[  _  5  2  8 ]

[  9  10  7  12 ]

[  13  14  11  15 ]


[  1  3  6  4 ]

[  5  _  2  8 ]

[  9  10  7  12 ]

[  13  14  11  15 ]


[  1  3  6  4 ]

[  5  2  _  8 ]

[  9  10  7  12 ]

[  13  14  11  15 ]


[  1  3  _  4 ]

[  5  2  6  8 ]

[  9  10  7  12 ]

[  13  14  11  15 ]


[  1  _  3  4 ]

[  5  2  6  8 ]

[  9  10  7  12 ]

[  13  14  11  15 ]


[  1  2  3  4 ]

[  5  _  6  8 ]

[  9  10  7  12 ]

[  13  14  11  15 ]


[  1  2  3  4 ]

[  5  6  _  8 ]

[  9  10  7  12 ]

[  13  14  11  15 ]


[  1  2  3  4 ]

[  5  6  7  8 ]

[  9  10  _  12 ]

[  13  14  11  15 ]


[  1  2  3  4 ]

[  5  6  7  8 ]

[  9  10  11  12 ]

[  13  14  _  15 ]


[  1  2  3  4 ]

[  5  6  7  8 ]

[  9  10  11  12 ]

[  13  14  15  _ ]


A* with tiles heuristic solved this badboy after expanding 16811 puzzle configurations (nodes)

[  1  3  2  4 ]

[  6  5  7  8 ]

[  9  10  11  12 ]

[  13  14  _  15 ]


[  1  3  2  4 ]

[  6  5  7  8 ]

[  9  10  _  12 ]

[  13  14  11  15 ]


[  1  3  2  4 ]

[  6  5  _  8 ]

[  9  10  7  12 ]

[  13  14  11  15 ]


[  1  3  2  4 ]

[  6  _  5  8 ]

[  9  10  7  12 ]

[  13  14  11  15 ]


[  1  3  2  4 ]

[  _  6  5  8 ]

[  9  10  7  12 ]

[  13  14  11  15 ]


[  _  3  2  4 ]

[  1  6  5  8 ]

[  9  10  7  12 ]

[  13  14  11  15 ]


[  3  _  2  4 ]

[  1  6  5  8 ]

[  9  10  7  12 ]

[  13  14  11  15 ]


[  3  6  2  4 ]

[  1  _  5  8 ]

[  9  10  7  12 ]

[  13  14  11  15 ]


[  3  6  2  4 ]

[  1  5  _  8 ]

[  9  10  7  12 ]

[  13  14  11  15 ]


[  3  6  _  4 ]

[  1  5  2  8 ]

[  9  10  7  12 ]

[  13  14  11  15 ]


[  3  _  6  4 ]

[  1  5  2  8 ]

[  9  10  7  12 ]

[  13  14  11  15 ]


[  _  3  6  4 ]

[  1  5  2  8 ]

[  9  10  7  12 ]

[  13  14  11  15 ]


[  1  3  6  4 ]

[  _  5  2  8 ]

[  9  10  7  12 ]

[  13  14  11  15 ]


[  1  3  6  4 ]

[  5  _  2  8 ]

[  9  10  7  12 ]

[  13  14  11  15 ]


[  1  3  6  4 ]

[  5  2  _  8 ]

[  9  10  7  12 ]

[  13  14  11  15 ]


[  1  3  _  4 ]

[  5  2  6  8 ]

[  9  10  7  12 ]

[  13  14  11  15 ]


[  1  _  3  4 ]

[  5  2  6  8 ]

[  9  10  7  12 ]

[  13  14  11  15 ]


[  1  2  3  4 ]

[  5  _  6  8 ]

[  9  10  7  12 ]

[  13  14  11  15 ]


[  1  2  3  4 ]

[  5  6  _  8 ]

[  9  10  7  12 ]

[  13  14  11  15 ]


[  1  2  3  4 ]

[  5  6  7  8 ]

[  9  10  _  12 ]

[  13  14  11  15 ]


[  1  2  3  4 ]

[  5  6  7  8 ]

[  9  10  11  12 ]

[  13  14  _  15 ]


[  1  2  3  4 ]

[  5  6  7  8 ]

[  9  10  11  12 ]

[  13  14  15  _ ]


A* with my_h heuristic solved this badboy after expanding 9414 puzzle configurations (nodes)